lastAccountName: BambsAway3000
timestamps:
  login: 1613863904380
  logout: 1613863940058
ipAddress: 51.222.105.205
lastlocation:
  world: world
  x: -3.5
  y: 72.0
  z: 7.5
  yaw: 0.0
  pitch: 0.0
logoutlocation:
  world: lobby
  x: 309.91454863857035
  y: 180.0
  z: -384.8101052949221
  yaw: -119.33498
  pitch: 24.362364
