lastAccountName: DriftBoat
timestamps:
  login: 1614305670347
  logout: 1614307375393
ipAddress: 51.222.105.205
lastlocation:
  world: world
  x: -3.5
  y: 72.0
  z: 7.5
  yaw: 0.0
  pitch: 0.0
logoutlocation:
  world: lobby
  x: 294.20504018994524
  y: 182.0
  z: -420.14444603798626
  yaw: 313.71497
  pitch: 24.362373
