lastAccountName: OriginalHCF
timestamps:
  login: 1614720740695
  logout: 1614722839175
ipAddress: 51.222.105.205
lastlocation:
  world: world
  x: -3.5
  y: 72.0
  z: 7.5
  yaw: 0.0
  pitch: 0.0
logoutlocation:
  world: lobby
  x: 299.40797240698254
  y: 183.0
  z: -422.1680363590778
  yaw: -0.084991455
  pitch: 0.6623599
