lastAccountName: BambsAway3000
timestamps:
  login: 1613678466427
  logout: 1613678621061
ipAddress: 68.131.10.241
lastlocation:
  world: lobby
  x: 299.54352632205143
  y: 183.0
  z: -422.3410478030491
  yaw: 0.0
  pitch: 6.3296347
logoutlocation:
  world: City
  x: -1.993591305020105
  y: 106.21963942202675
  z: 12.554309273993205
  yaw: -265.50015
  pitch: 32.850014
