lastAccountName: fredisin
timestamps:
  login: 1614652833738
  logout: 1614653136835
ipAddress: 51.222.105.205
lastlocation:
  world: world
  x: -3.5
  y: 72.0
  z: 7.5
  yaw: 0.0
  pitch: 0.0
logoutlocation:
  world: lobby
  x: 299.95245744813025
  y: 182.0
  z: -415.8889083363668
  yaw: -16.435068
  pitch: 24.36238
