lastAccountName: SetoKaiba2002
timestamps:
  login: 1615142881328
  logout: 1615142919221
ipAddress: 51.222.105.205
lastlocation:
  world: world
  x: -3.5
  y: 72.0
  z: 7.5
  yaw: 0.0
  pitch: 0.0
logoutlocation:
  world: lobby
  x: 299.2988172759817
  y: 183.0
  z: -421.8771813242772
  yaw: -18.08503
  pitch: -2.0376117
