lastAccountName: SpeedyInnit
timestamps:
  login: 1613930818865
  logout: 1613932306229
ipAddress: 51.222.105.205
lastlocation:
  world: lobby
  x: 346.14990134300024
  y: 56.495200877005914
  z: -485.10142477236496
  yaw: -49.618763
  pitch: 47.12873
logoutlocation:
  world: lobby
  x: 307.30000001192093
  y: 181.0
  z: -431.30000001192093
  yaw: 30.386442
  pitch: 7.5332623
