lastAccountName: joseuploadyt
timestamps:
  login: 1614653607040
  logout: 1614653821335
ipAddress: 51.222.105.205
lastlocation:
  world: lobby
  x: 299.3030835076335
  y: 180.0
  z: -390.30000001192093
  yaw: 177.15234
  pitch: 2.3181927
logoutlocation:
  world: lobby
  x: 298.73335906541934
  y: 56.0
  z: -498.8039496180151
  yaw: 53.12372
  pitch: 8.256965
