lastAccountName: SetoKaiba2002
timestamps:
  login: 1613683150355
  logout: 1613684926389
ipAddress: 70.122.15.134
lastlocation:
  world: ArchWay
  x: -12.300000011920929
  y: 71.0
  z: 2.9104038933464484
  yaw: -16.271576
  pitch: 40.65
logoutlocation:
  world: lobby
  x: 292.79004227312356
  y: 181.0
  z: -415.63293778704
  yaw: -126.275085
  pitch: 12.701741
