lastAccountName: AshyKnife
timestamps:
  login: 1613511857162
  logout: 1613512929426
ipAddress: 206.74.172.139
lastlocation:
  world: world
  x: -3.5
  y: 72.0
  z: 7.5
  yaw: 0.0
  pitch: 0.0
logoutlocation:
  world: lobby
  x: 299.8135023603237
  y: 180.5
  z: -409.16634203624477
  yaw: -231.59131
  pitch: 1.1516757
