lastAccountName: EquableProgram
timestamps:
  login: 1614652723190
  logout: 1614653094401
ipAddress: 51.222.105.205
lastlocation:
  world: lobby
  x: 299.40797240698254
  y: 183.0
  z: -422.1680363590778
  yaw: -0.084991455
  pitch: 0.6623599
logoutlocation:
  world: lobby
  x: 307.913429563234
  y: 182.0
  z: -414.7035409446748
  yaw: -178.45076
  pitch: 1.6334994
