lastAccountName: Santais007
timestamps:
  login: 1614306135863
  logout: 1614306647901
ipAddress: 51.222.105.205
lastlocation:
  world: world
  x: -3.5
  y: 72.0
  z: 7.5
  yaw: 0.0
  pitch: 0.0
logoutlocation:
  world: lobby
  x: 299.5057227812571
  y: 183.0
  z: -421.73370464921976
  yaw: -8.0347595
  pitch: 10.112366
