lastAccountName: SpeedyInnit
timestamps:
  login: 1613517582975
  logout: 1613519057262
ipAddress: 72.252.32.23
lastlocation:
  world: world
  x: -3.5
  y: 72.0
  z: 7.5
  yaw: 0.0
  pitch: 0.0
logoutlocation:
  world: Ruins
  x: 244.6215052561355
  y: 134.0
  z: -191.04139518985636
  yaw: 10.593052
  pitch: 11.883873
