lastAccountName: EquableProgram
timestamps:
  login: 1613695583091
  logout: 1613696137180
ipAddress: 70.44.213.110
lastlocation:
  world: world
  x: -3.5
  y: 72.0
  z: 7.5
  yaw: 0.0
  pitch: 0.0
logoutlocation:
  world: lobby
  x: 299.64202568086546
  y: 182.0
  z: -415.6682848387609
  yaw: -5.749965
  pitch: 10.454668
