lastAccountName: DarkWolfieOnYT
timestamps:
  login: 1614722881124
  logout: 1614722886996
  lastteleport: 1614720278025
ipAddress: 51.222.105.205
lastlocation:
  world: amazon
  x: -96.52081962195916
  y: 65.0
  z: -33.09116826768006
  yaw: -70.88394
  pitch: 9.775481
logoutlocation:
  world: lobby
  x: 299.29141938562924
  y: 185.91546404171814
  z: -419.69999998807907
  yaw: 172.72908
  pitch: 18.988855
