spawns: 
  default: 
    world: lobby
    x: 299.4316679321332
    y: 183.0
    z: -422.3384354101176
    yaw: -1.3261267
    pitch: 6.251731
